matrixmulti:
	1.000000 0.000000 0.000000 0.000000 
	0.000000 1.000000 0.000000 0.000000 
	0.000000 0.000000 1.000000 0.000000 
	0.000000 0.000000 0.000000 1.000000 

	1.000000 0.000000 0.000000 0.500000 
	0.000000 1.000000 0.000000 -0.500000 
	0.000000 0.000000 1.000000 0.000000 
	0.000000 0.000000 0.000000 1.000000 

matrixmulti:
	2.000000 0.000000 0.000000 0.000000 
	0.000000 2.000000 0.000000 0.000000 
	0.000000 0.000000 2.000000 0.000000 
	0.500000 -0.500000 0.000000 2.000000 

	0.999924 0.012331 0.000000 0.000000 
	-0.012331 0.999924 0.000000 0.000000 
	0.000000 0.000000 1.000000 0.000000 
	0.000000 0.000000 0.000000 1.000000 

matrixmulti:
	3.999848 -0.024663 0.000000 0.000000 
	0.024663 3.999848 0.000000 0.000000 
	0.000000 0.000000 4.000000 0.000000 
	0.993796 -1.006128 0.000000 4.000000 

	1.000000 0.000000 0.000000 0.500000 
	0.000000 1.000000 0.000000 -0.500000 
	0.000000 0.000000 1.000000 0.000000 
	0.000000 0.000000 0.000000 1.000000 

matrixmulti:
	7.999696 -0.049325 0.000000 0.000000 
	0.049325 7.999696 0.000000 0.000000 
	0.000000 0.000000 8.000000 0.000000 
	3.987593 -4.012255 0.000000 8.000000 

	0.999919 0.012751 0.000000 0.000000 
	-0.012751 0.999919 0.000000 0.000000 
	0.000000 0.000000 1.000000 0.000000 
	0.000000 0.000000 0.000000 1.000000 

matrixmulti:
	15.998113 -0.200647 0.000000 0.000000 
	0.200647 15.998112 0.000000 0.000000 
	0.000000 0.000000 16.000000 0.000000 
	7.923703 -8.075027 0.000000 16.000000 

	1.000000 0.000000 0.000000 0.500000 
	0.000000 1.000000 0.000000 -0.500000 
	0.000000 0.000000 1.000000 0.000000 
	0.000000 0.000000 0.000000 1.000000 

matrixmulti:
	31.996225 -0.401293 0.000000 0.000000 
	0.401293 31.996223 0.000000 0.000000 
	0.000000 0.000000 32.000000 0.000000 
	23.847404 -24.150055 0.000000 32.000000 

	0.999888 0.014937 0.000000 0.000000 
	-0.014937 0.999888 0.000000 0.000000 
	0.000000 0.000000 1.000000 0.000000 
	0.000000 0.000000 0.000000 1.000000 

matrixmulti:
	63.982887 -1.280462 0.000000 0.000000 
	1.280462 63.982880 0.000000 0.000000 
	0.000000 0.000000 64.000000 0.000000 
	47.331421 -48.653618 0.000000 64.000000 

	1.000000 0.000000 0.000000 0.500000 
	0.000000 1.000000 0.000000 -0.500000 
	0.000000 0.000000 1.000000 0.000000 
	0.000000 0.000000 0.000000 1.000000 

matrixmulti:
	127.965775 -2.560924 0.000000 0.000000 
	2.560924 127.965759 0.000000 0.000000 
	0.000000 0.000000 128.000000 0.000000 
	126.662842 -129.307236 0.000000 128.000000 

	0.999853 0.017120 0.000000 0.000000 
	-0.017120 0.999853 0.000000 0.000000 
	0.000000 0.000000 1.000000 0.000000 
	0.000000 0.000000 0.000000 1.000000 

matrixmulti:
	255.868958 -7.312299 0.000000 0.000000 
	7.312298 255.868927 0.000000 0.000000 
	0.000000 0.000000 256.000000 0.000000 
	251.093338 -260.764038 0.000000 256.000000 

	1.000000 0.000000 0.000000 0.500000 
	0.000000 1.000000 0.000000 -0.500000 
	0.000000 0.000000 1.000000 0.000000 
	0.000000 0.000000 0.000000 1.000000 

matrixmulti:
	511.737915 -14.624598 0.000000 0.000000 
	14.624597 511.737854 0.000000 0.000000 
	0.000000 0.000000 512.000000 0.000000 
	630.186646 -649.528076 0.000000 512.000000 

	0.999814 0.019301 0.000000 0.000000 
	-0.019301 0.999814 0.000000 0.000000 
	0.000000 0.000000 1.000000 0.000000 
	0.000000 0.000000 0.000000 1.000000 

matrixmulti:
	1023.098206 -39.123543 0.000000 0.000000 
	39.123539 1023.098145 0.000000 0.000000 
	0.000000 0.000000 1024.000000 0.000000 
	1247.719238 -1311.098389 0.000000 1024.000000 

	1.000000 0.000000 0.000000 0.500000 
	0.000000 1.000000 0.000000 -0.500000 
	0.000000 0.000000 1.000000 0.000000 
	0.000000 0.000000 0.000000 1.000000 

matrixmulti:
	2046.196411 -78.247086 0.000000 0.000000 
	78.247078 2046.196289 0.000000 0.000000 
	0.000000 0.000000 2048.000000 0.000000 
	3007.438477 -3134.196777 0.000000 2048.000000 

	0.999769 0.021482 0.000000 0.000000 
	-0.021482 0.999769 0.000000 0.000000 
	0.000000 0.000000 1.000000 0.000000 
	0.000000 0.000000 0.000000 1.000000 

matrixmulti:
	4090.239502 -200.432892 0.000000 0.000000 
	200.432877 4090.239258 0.000000 0.000000 
	0.000000 0.000000 4096.000000 0.000000 
	5946.853027 -6332.276367 0.000000 4096.000000 

	1.000000 0.000000 0.000000 0.500000 
	0.000000 1.000000 0.000000 -0.500000 
	0.000000 0.000000 1.000000 0.000000 
	0.000000 0.000000 0.000000 1.000000 

matrixmulti:
	8180.479004 -400.865784 0.000000 0.000000 
	400.865753 8180.478516 0.000000 0.000000 
	0.000000 0.000000 8192.000000 0.000000 
	13941.706055 -14712.552734 0.000000 8192.000000 

	0.999720 0.023662 0.000000 0.000000 
	-0.023662 0.999720 0.000000 0.000000 
	0.000000 0.000000 1.000000 0.000000 
	0.000000 0.000000 0.000000 1.000000 

matrixmulti:
	16349.182617 -995.189636 0.000000 0.000000 
	995.189575 16349.181641 0.000000 0.000000 
	0.000000 0.000000 16384.000000 0.000000 
	27531.373047 -29750.880859 0.000000 16384.000000 

	1.000000 0.000000 0.000000 0.500000 
	0.000000 1.000000 0.000000 -0.500000 
	0.000000 0.000000 1.000000 0.000000 
	0.000000 0.000000 0.000000 1.000000 

matrixmulti:
	32698.365234 -1990.379272 0.000000 0.000000 
	1990.379150 32698.363281 0.000000 0.000000 
	0.000000 0.000000 32768.000000 0.000000 
	63254.746094 -67693.765625 0.000000 32768.000000 

	0.999666 0.025846 0.000000 0.000000 
	-0.025846 0.999666 0.000000 0.000000 
	0.000000 0.000000 1.000000 0.000000 
	0.000000 0.000000 0.000000 1.000000 

matrixmulti:
	65334.363281 -4825.211426 0.000000 0.000000 
	4825.210938 65334.359375 0.000000 0.000000 
	0.000000 0.000000 65536.000000 0.000000 
	124738.757812 -136999.781250 0.000000 65536.000000 

	1.000000 0.000000 0.000000 0.500000 
	0.000000 1.000000 0.000000 -0.500000 
	0.000000 0.000000 1.000000 0.000000 
	0.000000 0.000000 0.000000 1.000000 

matrixmulti:
	130668.726562 -9650.422852 0.000000 0.000000 
	9650.421875 130668.718750 0.000000 0.000000 
	0.000000 0.000000 131072.000000 0.000000 
	282245.500000 -306767.562500 0.000000 131072.000000 

	0.999607 0.028028 0.000000 0.000000 
	-0.028028 0.999607 0.000000 0.000000 
	0.000000 0.000000 1.000000 0.000000 
	0.000000 0.000000 0.000000 1.000000 

matrixmulti:
	261015.640625 -22959.414062 0.000000 0.000000 
	22959.412109 261015.625000 0.000000 0.000000 
	0.000000 0.000000 262144.000000 0.000000 
	555782.125000 -621325.375000 0.000000 262144.000000 

	1.000000 0.000000 0.000000 0.500000 
	0.000000 1.000000 0.000000 -0.500000 
	0.000000 0.000000 1.000000 0.000000 
	0.000000 0.000000 0.000000 1.000000 

matrixmulti:
	522031.281250 -45918.828125 0.000000 0.000000 
	45918.824219 522031.250000 0.000000 0.000000 
	0.000000 0.000000 524288.000000 0.000000 
	1242636.250000 -1373722.750000 0.000000 524288.000000 

	0.999544 0.030209 0.000000 0.000000 
	-0.030209 0.999544 0.000000 0.000000 
	0.000000 0.000000 1.000000 0.000000 
	0.000000 0.000000 0.000000 1.000000 

matrixmulti:
	1042437.125000 -107586.765625 0.000000 0.000000 
	107586.757812 1042437.125000 0.000000 0.000000 
	0.000000 0.000000 1048576.000000 0.000000 
	2443206.750000 -2784357.500000 0.000000 1048576.000000 

	1.000000 0.000000 0.000000 0.500000 
	0.000000 1.000000 0.000000 -0.500000 
	0.000000 0.000000 1.000000 0.000000 
	0.000000 0.000000 0.000000 1.000000 

matrixmulti:
	2084874.250000 -215173.531250 0.000000 0.000000 
	215173.515625 2084874.250000 0.000000 0.000000 
	0.000000 0.000000 2097152.000000 0.000000 
	5410701.500000 -6093003.000000 0.000000 2097152.000000 

	0.999475 0.032388 0.000000 0.000000 
	-0.032388 0.999475 0.000000 0.000000 
	0.000000 0.000000 1.000000 0.000000 
	0.000000 0.000000 0.000000 1.000000 

matrixmulti:
	4161685.750000 -497758.937500 0.000000 0.000000 
	497758.875000 4161685.750000 0.000000 0.000000 
	0.000000 0.000000 4194304.000000 0.000000 
	10621224.000000 -12358051.000000 0.000000 4194304.000000 

	1.000000 0.000000 0.000000 0.500000 
	0.000000 1.000000 0.000000 -0.500000 
	0.000000 0.000000 1.000000 0.000000 
	0.000000 0.000000 0.000000 1.000000 

matrixmulti:
	8323371.500000 -995517.875000 0.000000 0.000000 
	995517.750000 8323371.500000 0.000000 0.000000 
	0.000000 0.000000 8388608.000000 0.000000 
	23339600.000000 -26813254.000000 0.000000 8388608.000000 

	0.999402 0.034569 0.000000 0.000000 
	-0.034569 0.999402 0.000000 0.000000 
	0.000000 0.000000 1.000000 0.000000 
	0.000000 0.000000 0.000000 1.000000 

matrixmulti:
	16607354.000000 -2278171.250000 0.000000 0.000000 
	2278171.000000 16607354.000000 0.000000 0.000000 
	0.000000 0.000000 16777216.000000 0.000000 
	45738340.000000 -54417308.000000 0.000000 16777216.000000 

	1.000000 0.000000 0.000000 0.500000 
	0.000000 1.000000 0.000000 -0.500000 
	0.000000 0.000000 1.000000 0.000000 
	0.000000 0.000000 0.000000 1.000000 

matrixmulti:
	33214708.000000 -4556342.500000 0.000000 0.000000 
	4556342.000000 33214708.000000 0.000000 0.000000 
	0.000000 0.000000 33554432.000000 0.000000 
	99865288.000000 -117223224.000000 0.000000 33554432.000000 

	0.999325 0.036748 0.000000 0.000000 
	-0.036748 0.999325 0.000000 0.000000 
	0.000000 0.000000 1.000000 0.000000 
	0.000000 0.000000 0.000000 1.000000 

matrixmulti:
	66239548.000000 -10330190.000000 0.000000 0.000000 
	10330189.000000 66239544.000000 0.000000 0.000000 
	0.000000 0.000000 67108864.000000 0.000000 
	195355376.000000 -238037152.000000 0.000000 67108864.000000 

	1.000000 0.000000 0.000000 0.500000 
	0.000000 1.000000 0.000000 -0.500000 
	0.000000 0.000000 1.000000 0.000000 
	0.000000 0.000000 0.000000 1.000000 

matrixmulti:
	132479096.000000 -20660380.000000 0.000000 0.000000 
	20660378.000000 132479088.000000 0.000000 0.000000 
	0.000000 0.000000 134217728.000000 0.000000 
	424265184.000000 -509628736.000000 0.000000 134217728.000000 

	0.999242 0.038928 0.000000 0.000000 
	-0.038928 0.999242 0.000000 0.000000 
	0.000000 0.000000 1.000000 0.000000 
	0.000000 0.000000 0.000000 1.000000 

matrixmulti:
	264053520.000000 -46462196.000000 0.000000 0.000000 
	46462192.000000 264053504.000000 0.000000 0.000000 
	0.000000 0.000000 268435456.000000 0.000000 
	828370112.000000 -1035386816.000000 0.000000 268435456.000000 

	1.000000 0.000000 0.000000 0.500000 
	0.000000 1.000000 0.000000 -0.500000 
	0.000000 0.000000 1.000000 0.000000 
	0.000000 0.000000 0.000000 1.000000 

matrixmulti:
	528107040.000000 -92924392.000000 0.000000 0.000000 
	92924384.000000 528107008.000000 0.000000 0.000000 
	0.000000 0.000000 536870912.000000 0.000000 
	1790957952.000000 -2204991488.000000 0.000000 536870912.000000 

	0.999155 0.041109 0.000000 0.000000 
	-0.041109 0.999155 0.000000 0.000000 
	0.000000 0.000000 1.000000 0.000000 
	0.000000 0.000000 0.000000 1.000000 

matrixmulti:
	1051947712.000000 -207479952.000000 0.000000 0.000000 
	207479936.000000 1051947648.000000 0.000000 0.000000 
	0.000000 0.000000 1073741824.000000 0.000000 
	3489757952.000000 -4481742848.000000 0.000000 1073741824.000000 

	1.000000 0.000000 0.000000 0.500000 
	0.000000 1.000000 0.000000 -0.500000 
	0.000000 0.000000 1.000000 0.000000 
	0.000000 0.000000 0.000000 1.000000 

matrixmulti:
	2103895424.000000 -414959904.000000 0.000000 0.000000 
	414959872.000000 2103895296.000000 0.000000 0.000000 
	0.000000 0.000000 2147483648.000000 0.000000 
	7516386816.000000 -9500356608.000000 0.000000 2147483648.000000 

	0.999063 0.043289 0.000000 0.000000 
	-0.043289 0.999063 0.000000 0.000000 
	0.000000 0.000000 1.000000 0.000000 
	0.000000 0.000000 0.000000 1.000000 

matrixmulti:
	4187855360.000000 -920606208.000000 0.000000 0.000000 
	920606144.000000 4187855360.000000 0.000000 0.000000 
	0.000000 0.000000 4294967296.000000 0.000000 
	14614467584.000000 -19317182464.000000 0.000000 4294967296.000000 

	1.000000 0.000000 0.000000 0.500000 
	0.000000 1.000000 0.000000 -0.500000 
	0.000000 0.000000 1.000000 0.000000 
	0.000000 0.000000 0.000000 1.000000 

matrixmulti:
	8375710720.000000 -1841212416.000000 0.000000 0.000000 
	1841212288.000000 8375710720.000000 0.000000 0.000000 
	0.000000 0.000000 8589934592.000000 0.000000 
	31376418816.000000 -40781848576.000000 0.000000 8589934592.000000 

	0.998966 0.045468 0.000000 0.000000 
	-0.045468 0.998966 0.000000 0.000000 
	0.000000 0.000000 1.000000 0.000000 
	0.000000 0.000000 0.000000 1.000000 

matrixmulti:
	16659042304.000000 -4061350656.000000 0.000000 0.000000 
	4061350400.000000 16659042304.000000 0.000000 0.000000 
	0.000000 0.000000 17179869184.000000 0.000000 
	60866105344.000000 -82948161536.000000 0.000000 17179869184.000000 

	1.000000 0.000000 0.000000 0.500000 
	0.000000 1.000000 0.000000 -0.500000 
	0.000000 0.000000 1.000000 0.000000 
	0.000000 0.000000 0.000000 1.000000 

matrixmulti:
	33318084608.000000 -8122701312.000000 0.000000 0.000000 
	8122700800.000000 33318084608.000000 0.000000 0.000000 
	0.000000 0.000000 34359738368.000000 0.000000 
	130322145280.000000 -174486257664.000000 0.000000 34359738368.000000 

	0.998864 0.047648 0.000000 0.000000 
	-0.047648 0.998864 0.000000 0.000000 
	0.000000 0.000000 1.000000 0.000000 
	0.000000 0.000000 0.000000 1.000000 

matrixmulti:
	66211295232.000000 -17823717376.000000 0.000000 0.000000 
	17823715328.000000 66211295232.000000 0.000000 0.000000 
	0.000000 0.000000 68719476736.000000 0.000000 
	252182331392.000000 -354983936000.000000 0.000000 68719476736.000000 

	1.000000 0.000000 0.000000 0.500000 
	0.000000 1.000000 0.000000 -0.500000 
	0.000000 0.000000 1.000000 0.000000 
	0.000000 0.000000 0.000000 1.000000 

matrixmulti:
	132422590464.000000 -35647434752.000000 0.000000 0.000000 
	35647430656.000000 132422590464.000000 0.000000 0.000000 
	0.000000 0.000000 137438953472.000000 0.000000 
	538724401152.000000 -744327610368.000000 0.000000 137438953472.000000 

	0.998758 0.049828 0.000000 0.000000 
	-0.049828 0.998758 0.000000 0.000000 
	0.000000 0.000000 1.000000 0.000000 
	0.000000 0.000000 0.000000 1.000000 

matrixmulti:
	262904463360.000000 -77848903680.000000 0.000000 0.000000 
	77848895488.000000 262904463360.000000 0.000000 0.000000 
	0.000000 0.000000 274877906944.000000 0.000000 
	1039691415552.000000 -1514574053376.000000 0.000000 274877906944.000000 

	1.000000 0.000000 0.000000 0.500000 
	0.000000 1.000000 0.000000 -0.500000 
	0.000000 0.000000 1.000000 0.000000 
	0.000000 0.000000 0.000000 1.000000 

matrixmulti:
	525808926720.000000 -155697807360.000000 0.000000 0.000000 
	155697790976.000000 525808926720.000000 0.000000 0.000000 
	0.000000 0.000000 549755813888.000000 0.000000 
	2216821784576.000000 -3166587060224.000000 0.000000 549755813888.000000 

	0.998647 0.052005 0.000000 0.000000 
	-0.052005 0.998647 0.000000 0.000000 
	0.000000 0.000000 1.000000 0.000000 
	0.000000 0.000000 0.000000 1.000000 

matrixmulti:
	1042809225216.000000 -338529681408.000000 0.000000 0.000000 
	338529615872.000000 1042809225216.000000 0.000000 0.000000 
	0.000000 0.000000 1099511627776.000000 0.000000 
	4265964994560.000000 -6444174802944.000000 0.000000 1099511627776.000000 

	1.000000 0.000000 0.000000 0.500000 
	0.000000 1.000000 0.000000 -0.500000 
	0.000000 0.000000 1.000000 0.000000 
	0.000000 0.000000 0.000000 1.000000 

matrixmulti:
	2085618450432.000000 -677059362816.000000 0.000000 0.000000 
	677059231744.000000 2085618450432.000000 0.000000 0.000000 
	0.000000 0.000000 2199023255552.000000 0.000000 
	9081685278720.000000 -13438105419776.000000 0.000000 2199023255552.000000 

	0.998531 0.054183 0.000000 0.000000 
	-0.054183 0.998531 0.000000 0.000000 
	0.000000 0.000000 1.000000 0.000000 
	0.000000 0.000000 0.000000 1.000000 

matrixmulti:
	4131487744000.000000 -1466129580032.000000 0.000000 0.000000 
	1466129317888.000000 4131488006144.000000 0.000000 0.000000 
	0.000000 0.000000 4398046511104.000000 0.000000 
	17421908836352.000000 -27348543995904.000000 0.000000 4398046511104.000000 

	1.000000 0.000000 0.000000 0.500000 
	0.000000 1.000000 0.000000 -0.500000 
	0.000000 0.000000 1.000000 0.000000 
	0.000000 0.000000 0.000000 1.000000 

matrixmulti:
	8262975488000.000000 -2932259160064.000000 0.000000 0.000000 
	2932258635776.000000 8262976012288.000000 0.000000 0.000000 
	0.000000 0.000000 8796093022208.000000 0.000000 
	37042843025408.000000 -56896111247360.000000 0.000000 8796093022208.000000 

	0.998410 0.056363 0.000000 0.000000 
	-0.056363 0.998410 0.000000 0.000000 
	0.000000 0.000000 1.000000 0.000000 
	0.000000 0.000000 0.000000 1.000000 

matrixmulti:
	16347543109632.000000 -6325586100224.000000 0.000000 0.000000 
	6325585051648.000000 16347545206784.000000 0.000000 0.000000 
	0.000000 0.000000 17592186044416.000000 0.000000 
	70819942236160.000000 -115789633945600.000000 0.000000 17592186044416.000000 

	1.000000 0.000000 0.000000 0.500000 
	0.000000 1.000000 0.000000 -0.500000 
	0.000000 0.000000 1.000000 0.000000 
	0.000000 0.000000 0.000000 1.000000 

matrixmulti:
	32695086219264.000000 -12651172200448.000000 0.000000 0.000000 
	12651170103296.000000 32695090413568.000000 0.000000 0.000000 
	0.000000 0.000000 35184372088832.000000 0.000000 
	150435977494528.000000 -240375360913408.000000 0.000000 35184372088832.000000 

	0.998285 0.058541 0.000000 0.000000 
	-0.058541 0.998285 0.000000 0.000000 
	0.000000 0.000000 1.000000 0.000000 
	0.000000 0.000000 0.000000 1.000000 

matrixmulti:
	64593497948160.000000 -27194636107776.000000 0.000000 0.000000 
	27194631913472.000000 64593506336768.000000 0.000000 0.000000 
	0.000000 0.000000 70368744177664.000000 0.000000 
	286542266368000.000000 -489145101189120.000000 0.000000 70368744177664.000000 

	1.000000 0.000000 0.000000 0.500000 
	0.000000 1.000000 0.000000 -0.500000 
	0.000000 0.000000 1.000000 0.000000 
	0.000000 0.000000 0.000000 1.000000 

matrixmulti:
	129186995896320.000000 -54389272215552.000000 0.000000 0.000000 
	54389263826944.000000 129187012673536.000000 0.000000 0.000000 
	0.000000 0.000000 140737488355328.000000 0.000000 
	608268904824832.000000 -1013474574467072.000000 0.000000 140737488355328.000000 

	0.998155 0.060719 0.000000 0.000000 
	-0.060719 0.998155 0.000000 0.000000 
	0.000000 0.000000 1.000000 0.000000 
	0.000000 0.000000 0.000000 1.000000 

matrixmulti:
	254833160355840.000000 -116522294968320.000000 0.000000 0.000000 
	116522278191104.000000 254833193910272.000000 0.000000 0.000000 
	0.000000 0.000000 281474976710656.000000 0.000000 
	1153878397550592.000000 -2062012725067776.000000 0.000000 281474976710656.000000 

	1.000000 0.000000 0.000000 0.500000 
	0.000000 1.000000 0.000000 -0.500000 
	0.000000 0.000000 1.000000 0.000000 
	0.000000 0.000000 0.000000 1.000000 

matrixmulti:
	509666320711680.000000 -233044589936640.000000 0.000000 0.000000 
	233044556382208.000000 509666387820544.000000 0.000000 0.000000 
	0.000000 0.000000 562949953421312.000000 0.000000 
	2448494283456512.000000 -4264762938490880.000000 0.000000 562949953421312.000000 

	0.998020 0.062895 0.000000 0.000000 
	-0.062895 0.998020 0.000000 0.000000 
	0.000000 0.000000 1.000000 0.000000 
	0.000000 0.000000 0.000000 1.000000 

matrixmulti:
	1003666211340288.000000 -497683294846976.000000 0.000000 0.000000 
	497683227738112.000000 1003666345558016.000000 0.000000 0.000000 
	0.000000 0.000000 1125899906842624.000000 0.000000 
	4623907566911488.000000 -8675080708030464.000000 0.000000 1125899906842624.000000 

	1.000000 0.000000 0.000000 0.500000 
	0.000000 1.000000 0.000000 -0.500000 
	0.000000 0.000000 1.000000 0.000000 
	0.000000 0.000000 0.000000 1.000000 

matrixmulti:
	2007332422680576.000000 -995366589693952.000000 0.000000 0.000000 
	995366455476224.000000 2007332691116032.000000 0.000000 0.000000 
	0.000000 0.000000 2251799813685248.000000 0.000000 
	9810765087244288.000000 -17913111369482240.000000 0.000000 2251799813685248.000000 

	0.997881 0.065072 0.000000 0.000000 
	-0.065072 0.997881 0.000000 0.000000 
	0.000000 0.000000 1.000000 0.000000 
	0.000000 0.000000 0.000000 1.000000 

matrixmulti:
	3945639889076224.000000 -2119244506464256.000000 0.000000 0.000000 
	2119244238028800.000000 3945640425947136.000000 0.000000 0.000000 
	0.000000 0.000000 4503599627370496.000000 0.000000 
	18435094851092480.000000 -36426661314428928.000000 0.000000 4503599627370496.000000 

	1.000000 0.000000 0.000000 0.500000 
	0.000000 1.000000 0.000000 -0.500000 
	0.000000 0.000000 1.000000 0.000000 
	0.000000 0.000000 0.000000 1.000000 

matrixmulti:
	7891279778152448.000000 -4238489012928512.000000 0.000000 0.000000 
	4238488476057600.000000 7891280851894272.000000 0.000000 0.000000 
	0.000000 0.000000 9007199254740992.000000 0.000000 
	39121989515870208.000000 -75105122442543104.000000 0.000000 9007199254740992.000000 

	0.997736 0.067250 0.000000 0.000000 
	-0.067250 0.997736 0.000000 0.000000 
	0.000000 0.000000 1.000000 0.000000 
	0.000000 0.000000 0.000000 1.000000 

matrixmulti:
	15479656987754496.000000 -8998070301753344.000000 0.000000 0.000000 
	8998070301753344.000000 15479659135238144.000000 0.000000 0.000000 
	0.000000 0.000000 18014398509481984.000000 0.000000 
	73104603985477632.000000 -152671175246348288.000000 0.000000 18014398509481984.000000 

	1.000000 0.000000 0.000000 0.500000 
	0.000000 1.000000 0.000000 -0.500000 
	0.000000 0.000000 1.000000 0.000000 
	0.000000 0.000000 0.000000 1.000000 

matrixmulti:
	30959313975508992.000000 -17996140603506688.000000 0.000000 0.000000 
	17996140603506688.000000 30959318270476288.000000 0.000000 0.000000 
	0.000000 0.000000 36028797018963968.000000 0.000000 
	155216407225696256.000000 -314349549747437568.000000 0.000000 36028797018963968.000000 

	0.997587 0.069427 0.000000 0.000000 
	-0.069427 0.997587 0.000000 0.000000 
	0.000000 0.000000 1.000000 0.000000 
	0.000000 0.000000 0.000000 1.000000 

matrixmulti:
	60594502418563072.000000 -38098271175966720.000000 0.000000 0.000000 
	38098271175966720.000000 60594515303464960.000000 0.000000 0.000000 
	0.000000 0.000000 72057594037927936.000000 0.000000 
	288233915204763648.000000 -638716749935542272.000000 0.000000 72057594037927936.000000 

	1.000000 0.000000 0.000000 0.500000 
	0.000000 1.000000 0.000000 -0.500000 
	0.000000 0.000000 1.000000 0.000000 
	0.000000 0.000000 0.000000 1.000000 

matrixmulti:
	121189004837126144.000000 -76196542351933440.000000 0.000000 0.000000 
	76196542351933440.000000 121189030606929920.000000 0.000000 0.000000 
	0.000000 0.000000 144115188075855872.000000 0.000000 
	612496627428491264.000000 -1313462296890048512.000000 0.000000 144115188075855872.000000 

	0.997433 0.071602 0.000000 0.000000 
	-0.071602 0.997433 0.000000 0.000000 
	0.000000 0.000000 1.000000 0.000000 
	0.000000 0.000000 0.000000 1.000000 

matrixmulti:
	236611139906043904.000000 -160874872019353600.000000 0.000000 0.000000 
	160874872019353600.000000 236611191445651456.000000 0.000000 0.000000 
	0.000000 0.000000 288230376151711744.000000 0.000000 
	1129374775903256576.000000 -2667409161670623232.000000 0.000000 288230376151711744.000000 

	1.000000 0.000000 0.000000 0.500000 
	0.000000 1.000000 0.000000 -0.500000 
	0.000000 0.000000 1.000000 0.000000 
	0.000000 0.000000 0.000000 1.000000 

matrixmulti:
	473222279812087808.000000 -321749744038707200.000000 0.000000 0.000000 
	321749744038707200.000000 473222382891302912.000000 0.000000 0.000000 
	0.000000 0.000000 576460752303423488.000000 0.000000 
	2402864739882369024.000000 -5478933511417102336.000000 0.000000 576460752303423488.000000 

	0.997275 0.073778 0.000000 0.000000 
	-0.073778 0.997275 0.000000 0.000000 
	0.000000 0.000000 1.000000 0.000000 
	0.000000 0.000000 0.000000 1.000000 

matrixmulti:
	921416857477447680.000000 -677535970026848256.000000 0.000000 0.000000 
	677536038746324992.000000 921417063635877888.000000 0.000000 0.000000 
	0.000000 0.000000 1152921504606846976.000000 0.000000 
	4394956608552042496.000000 -11120214312721842176.000000 0.000000 1152921504606846976.000000 

	1.000000 0.000000 0.000000 0.500000 
	0.000000 1.000000 0.000000 -0.500000 
	0.000000 0.000000 1.000000 0.000000 
	0.000000 0.000000 0.000000 1.000000 

matrixmulti:
	1842833714954895360.000000 -1355071940053696512.000000 0.000000 0.000000 
	1355072077492649984.000000 1842834127271755776.000000 0.000000 0.000000 
	0.000000 0.000000 2305843009213693952.000000 0.000000 
	9366374519163322368.000000 -22816889377747107840.000000 0.000000 2305843009213693952.000000 

	0.997111 0.075957 0.000000 0.000000 
	-0.075957 0.997111 0.000000 0.000000 
	0.000000 0.000000 1.000000 0.000000 
	0.000000 0.000000 0.000000 1.000000 

matrixmulti:
	3577416661864546304.000000 -2846205145509789696.000000 0.000000 0.000000 
	2846205420387696640.000000 3577417486498267136.000000 0.000000 0.000000 
	0.000000 0.000000 4611686018427387904.000000 0.000000 
	16972592550466551808.000000 -46279302032161505280.000000 0.000000 4611686018427387904.000000 

	1.000000 0.000000 0.000000 0.500000 
	0.000000 1.000000 0.000000 -0.500000 
	0.000000 0.000000 1.000000 0.000000 
	0.000000 0.000000 0.000000 1.000000 

matrixmulti:
	7154833323729092608.000000 -5692410291019579392.000000 0.000000 0.000000 
	5692410840775393280.000000 7154834972996534272.000000 0.000000 0.000000 
	0.000000 0.000000 9223372036854775808.000000 0.000000 
	36251028110146797568.000000 -94864447073536704512.000000 0.000000 9223372036854775808.000000 

	0.996943 0.078127 0.000000 0.000000 
	-0.078127 0.996943 0.000000 0.000000 
	0.000000 0.000000 1.000000 0.000000 
	0.000000 0.000000 0.000000 1.000000 

matrixmulti:
	13843069097002139648.000000 -11926404825509527552.000000 0.000000 0.000000 
	11926404825509527552.000000 13843071296025395200.000000 0.000000 0.000000 
	0.000000 0.000000 18446744073709551616.000000 0.000000 
	64979813389561757696.000000 -192271105767979876352.000000 0.000000 18446744073709551616.000000 

	1.000000 0.000000 0.000000 0.500000 
	0.000000 1.000000 0.000000 -0.500000 
	0.000000 0.000000 1.000000 0.000000 
	0.000000 0.000000 0.000000 1.000000 

matrixmulti:
	27686138194004279296.000000 -23852809651019055104.000000 0.000000 0.000000 
	23852809651019055104.000000 27686142592050790400.000000 0.000000 0.000000 
	0.000000 0.000000 36893488147419103232.000000 0.000000 
	139182998815978291200.000000 -393765583572814528512.000000 0.000000 36893488147419103232.000000 

	0.996770 0.080309 0.000000 0.000000 
	-0.080309 0.996770 0.000000 0.000000 
	0.000000 0.000000 1.000000 0.000000 
	0.000000 0.000000 0.000000 1.000000 

matrixmulti:
	53367242167968333824.000000 -49852033125224284160.000000 0.000000 0.000000 
	49852033125224284160.000000 53367250964061356032.000000 0.000000 0.000000 
	0.000000 0.000000 73786976294838206464.000000 0.000000 
	246293331410660884480.000000 -797437045632262995968.000000 0.000000 73786976294838206464.000000 

	1.000000 0.000000 0.000000 0.500000 
	0.000000 1.000000 0.000000 -0.500000 
	0.000000 0.000000 1.000000 0.000000 
	0.000000 0.000000 0.000000 1.000000 

matrixmulti:
	106734484335936667648.000000 -99704066250448568320.000000 0.000000 0.000000 
	99704066250448568320.000000 106734501928122712064.000000 0.000000 0.000000 
	0.000000 0.000000 147573952589676412928.000000 0.000000 
	529480150968740872192.000000 -1631767579411945095168.000000 0.000000 147573952589676412928.000000 

	0.996593 0.082482 0.000000 0.000000 
	-0.082482 0.996593 0.000000 0.000000 
	0.000000 0.000000 1.000000 0.000000 
	0.000000 0.000000 0.000000 1.000000 

matrixmulti:
	204881448607407931392.000000 -207872102642772606976.000000 0.000000 0.000000 
	207872102642772606976.000000 204881483791780020224.000000 0.000000 0.000000 
	0.000000 0.000000 295147905179352825856.000000 0.000000 
	922564142885450547200.000000 -3301647715095443144704.000000 0.000000 295147905179352825856.000000 

	1.000000 0.000000 0.000000 0.500000 
	0.000000 1.000000 0.000000 -0.500000 
	0.000000 0.000000 1.000000 0.000000 
	0.000000 0.000000 0.000000 1.000000 

matrixmulti:
	409762897214815862784.000000 -415744205285545213952.000000 0.000000 0.000000 
	415744205285545213952.000000 409762967583560040448.000000 0.000000 0.000000 
	0.000000 0.000000 590295810358705651712.000000 0.000000 
	1992702238360577507328.000000 -6750869382780562702336.000000 0.000000 590295810358705651712.000000 

	0.996410 0.084654 0.000000 0.000000 
	-0.084654 0.996410 0.000000 0.000000 
	0.000000 0.000000 1.000000 0.000000 
	0.000000 0.000000 0.000000 1.000000 

matrixmulti:
	782860723225813319680.000000 -864683950843229110272.000000 0.000000 0.000000 
	864684021211973287936.000000 782860863963301675008.000000 0.000000 0.000000 
	0.000000 0.000000 1180591620717411303424.000000 0.000000 
	3406765952522921181184.000000 -13646195101308754591744.000000 0.000000 1180591620717411303424.000000 

	1.000000 0.000000 0.000000 0.500000 
	0.000000 1.000000 0.000000 -0.500000 
	0.000000 0.000000 1.000000 0.000000 
	0.000000 0.000000 0.000000 1.000000 

matrixmulti:
	1565721446451626639360.000000 -1729367901686458220544.000000 0.000000 0.000000 
	1729368042423946575872.000000 1565721727926603350016.000000 0.000000 0.000000 
	0.000000 0.000000 2361183241434822606848.000000 0.000000 
	7403827715404548014080.000000 -27882686012976214835200.000000 0.000000 2361183241434822606848.000000 

	0.996223 0.086828 0.000000 0.000000 
	-0.086828 0.996223 0.000000 0.000000 
	0.000000 0.000000 1.000000 0.000000 
	0.000000 0.000000 0.000000 1.000000 

matrixmulti:
	2975372618141565714432.000000 -3588152649639918567424.000000 0.000000 0.000000 
	3588153212589871988736.000000 2975373181091519135744.000000 0.000000 0.000000 
	0.000000 0.000000 4722366482869645213696.000000 0.000000 
	12358703788036263510016.000000 -56302926181074999443456.000000 0.000000 4722366482869645213696.000000 

	1.000000 0.000000 0.000000 0.500000 
	0.000000 1.000000 0.000000 -0.500000 
	0.000000 0.000000 1.000000 0.000000 
	0.000000 0.000000 0.000000 1.000000 

matrixmulti:
	5950745236283131428864.000000 -7176305299279837134848.000000 0.000000 0.000000 
	7176306425179743977472.000000 5950746362183038271488.000000 0.000000 0.000000 
	0.000000 0.000000 9444732965739290427392.000000 0.000000 
	27078590817507349626880.000000 -114967035603584821493760.000000 0.000000 9444732965739290427392.000000 

	0.996032 0.089001 0.000000 0.000000 
	-0.089001 0.996032 0.000000 0.000000 
	0.000000 0.000000 1.000000 0.000000 
	0.000000 0.000000 0.000000 1.000000 

matrixmulti:
	11239177600566275604480.000000 -14853752024795046739968.000000 0.000000 0.000000 
	14853754276594860425216.000000 11239180978265996132352.000000 0.000000 0.000000 
	0.000000 0.000000 18889465931478580854784.000000 0.000000 
	43817560905318754418688.000000 -231887858826312530526208.000000 0.000000 18889465931478580854784.000000 

	1.000000 0.000000 0.000000 0.500000 
	0.000000 1.000000 0.000000 -0.500000 
	0.000000 0.000000 1.000000 0.000000 
	0.000000 0.000000 0.000000 1.000000 

matrixmulti:
	22478355201132551208960.000000 -29707504049590093479936.000000 0.000000 0.000000 
	29707508553189720850432.000000 22478361956531992264704.000000 0.000000 0.000000 
	0.000000 0.000000 37778931862957161709568.000000 0.000000 
	97079854776376799264768.000000 -473220450618364351479808.000000 0.000000 37778931862957161709568.000000 

	0.995835 0.091172 0.000000 0.000000 
	-0.091172 0.995835 0.000000 0.000000 
	0.000000 0.000000 1.000000 0.000000 
	0.000000 0.000000 0.000000 1.000000 

matrixmulti:
	42154602239312571400192.000000 -61340679745849400492032.000000 0.000000 0.000000 
	61340688753048655233024.000000 42154611246511826141184.000000 0.000000 0.000000 
	0.000000 0.000000 75557863725914323419136.000000 0.000000 
	150610909962397433200640.000000 -953320960315470062288896.000000 0.000000 75557863725914323419136.000000 

	1.000000 0.000000 0.000000 0.500000 
	0.000000 1.000000 0.000000 -0.500000 
	0.000000 0.000000 1.000000 0.000000 
	0.000000 0.000000 0.000000 1.000000 

matrixmulti:
	84309204478625142800384.000000 -122681359491698800984064.000000 0.000000 0.000000 
	122681377506097310466048.000000 84309222493023652282368.000000 0.000000 0.000000 
	0.000000 0.000000 151115727451828646838272.000000 0.000000 
	339000751787752028110848.000000 -1944420852493897286287360.000000 0.000000 151115727451828646838272.000000 

	0.995634 0.093346 0.000000 0.000000 
	-0.093346 0.995634 0.000000 0.000000 
	0.000000 0.000000 1.000000 0.000000 
	0.000000 0.000000 0.000000 1.000000 

matrixmulti:
	156798513576832814546944.000000 -252696975091758530560000.000000 0.000000 0.000000 
	252697011120555549523968.000000 156798531591231324028928.000000 0.000000 0.000000 
	0.000000 0.000000 302231454903657293676544.000000 0.000000 
	495017728699649476263936.000000 -3911996404025566183817216.000000 0.000000 302231454903657293676544.000000 

	1.000000 0.000000 0.000000 0.500000 
	0.000000 1.000000 0.000000 -0.500000 
	0.000000 0.000000 1.000000 0.000000 
	0.000000 0.000000 0.000000 1.000000 

matrixmulti:
	313597027153665629093888.000000 -505393950183517061120000.000000 0.000000 0.000000 
	505394022241111099047936.000000 313597063182462648057856.000000 0.000000 0.000000 
	0.000000 0.000000 604462909807314587353088.000000 0.000000 
	1141151184851127599366144.000000 -7975108535502961014472704.000000 0.000000 604462909807314587353088.000000 

	0.995428 0.095518 0.000000 0.000000 
	-0.095518 0.995428 0.000000 0.000000 
	0.000000 0.000000 1.000000 0.000000 
	0.000000 0.000000 0.000000 1.000000 

matrixmulti:
	577486275981771278385152.000000 -1038431066937428264615936.000000 0.000000 0.000000 
	1038431283110210378399744.000000 577486275981771278385152.000000 0.000000 0.000000 
	0.000000 0.000000 1208925819614629174706176.000000 0.000000 
	1515321915223302551371776.000000 -16022751974546757199593472.000000 0.000000 1208925819614629174706176.000000 

	1.000000 0.000000 0.000000 0.500000 
	0.000000 1.000000 0.000000 -0.500000 
	0.000000 0.000000 1.000000 0.000000 
	0.000000 0.000000 0.000000 1.000000 

matrixmulti:
	1154972551963542556770304.000000 -2076862133874856529231872.000000 0.000000 0.000000 
	2076862566220420756799488.000000 1154972551963542556770304.000000 0.000000 0.000000 
	0.000000 0.000000 2417851639229258349412352.000000 0.000000 
	3635106740253919690096640.000000 -32649966858900828986540032.000000 0.000000 2417851639229258349412352.000000 

	0.995217 0.097688 0.000000 0.000000 
	-0.097688 0.995217 0.000000 0.000000 
	0.000000 0.000000 1.000000 0.000000 
	0.000000 0.000000 0.000000 1.000000 

matrixmulti:
	2101536671686076116500480.000000 -4256617612119479571972096.000000 0.000000 0.000000 
	4256618765040984178819072.000000 2101536671686076116500480.000000 0.000000 0.000000 
	0.000000 0.000000 4835703278458516698824704.000000 0.000000 
	4063321386730480973381632.000000 -65498881852636615487258624.000000 0.000000 4835703278458516698824704.000000 

	1.000000 0.000000 0.000000 0.500000 
	0.000000 1.000000 0.000000 -0.500000 
	0.000000 0.000000 1.000000 0.000000 
	0.000000 0.000000 0.000000 1.000000 

matrixmulti:
	4203073343372152233000960.000000 -8513235224238959143944192.000000 0.000000 0.000000 
	8513237530081968357638144.000000 4203073343372152233000960.000000 0.000000 0.000000 
	0.000000 0.000000 9671406556917033397649408.000000 0.000000 
	10544494412690220296175616.000000 -133415615344502489323929600.000000 0.000000 9671406556917033397649408.000000 

	0.995001 0.099860 0.000000 0.000000 
	-0.099860 0.995001 0.000000 0.000000 
	0.000000 0.000000 1.000000 0.000000 
	0.000000 0.000000 0.000000 1.000000 

matrixmulti:
	7535006691853150835441664.000000 -17403636036573497600770048.000000 0.000000 0.000000 
	17403640648259516028157952.000000 7535006115392398532018176.000000 0.000000 0.000000 
	0.000000 0.000000 19342813113834066795298816.000000 0.000000 
	7713409189015262033084416.000000 -267217321042467719563182080.000000 0.000000 19342813113834066795298816.000000 

	1.000000 0.000000 0.000000 0.500000 
	0.000000 1.000000 0.000000 -0.500000 
	0.000000 0.000000 1.000000 0.000000 
	0.000000 0.000000 0.000000 1.000000 

matrixmulti:
	15070013383706301670883328.000000 -34807272073146995201540096.000000 0.000000 0.000000 
	34807281296519032056315904.000000 15070012230784797064036352.000000 0.000000 0.000000 
	0.000000 0.000000 38685626227668133590597632.000000 0.000000 
	25098224934947557463818240.000000 -544106048641852472524013568.000000 0.000000 38685626227668133590597632.000000 

	0.994781 0.102032 0.000000 0.000000 
	-0.102032 0.994781 0.000000 0.000000 
	0.000000 0.000000 1.000000 0.000000 
	0.000000 0.000000 0.000000 1.000000 

matrixmulti:
	26509931200478457312051200.000000 -70970508962920158413717504.000000 0.000000 0.000000 
	70970527409664232123269120.000000 26509931200478457312051200.000000 0.000000 0.000000 
	0.000000 0.000000 77371252455336267181195264.000000 0.000000 
	-5450588598667477182840832.000000 -1087933330087263046304006144.000000 0.000000 77371252455336267181195264.000000 

	1.000000 0.000000 0.000000 0.500000 
	0.000000 1.000000 0.000000 -0.500000 
	0.000000 0.000000 1.000000 0.000000 
	0.000000 0.000000 0.000000 1.000000 

matrixmulti:
	53019862400956914624102400.000000 -141941017925840316827435008.000000 0.000000 0.000000 
	141941054819328464246538240.000000 53019862400956914624102400.000000 0.000000 0.000000 
	0.000000 0.000000 154742504910672534362390528.000000 0.000000 
	27784449030333179224915968.000000 -2214552286402194226198609920.000000 0.000000 154742504910672534362390528.000000 

	0.994556 0.104201 0.000000 0.000000 
	-0.104201 0.994556 0.000000 0.000000 
	0.000000 0.000000 1.000000 0.000000 
	0.000000 0.000000 0.000000 1.000000 

matrixmulti:
	90960765900253283051634688.000000 -288634064699020803827564544.000000 0.000000 0.000000 
	288634120039253024956219392.000000 90960756676881246196858880.000000 0.000000 0.000000 
	0.000000 0.000000 309485009821345068724781056.000000 0.000000 
	-175340102449888472277712896.000000 -4419944362419242058093953024.000000 0.000000 309485009821345068724781056.000000 

	1.000000 0.000000 0.000000 0.500000 
	0.000000 1.000000 0.000000 -0.500000 
	0.000000 0.000000 1.000000 0.000000 
	0.000000 0.000000 0.000000 1.000000 

matrixmulti:
	181921531800506566103269376.000000 -577268129398041607655129088.000000 0.000000 0.000000 
	577268240078506049912438784.000000 181921513353762492393717760.000000 0.000000 0.000000 
	0.000000 0.000000 618970019642690137449562112.000000 0.000000 
	-195937699989104410193035264.000000 -8994631229749156650550296576.000000 0.000000 618970019642690137449562112.000000 

	0.994327 0.106370 0.000000 0.000000 
	-0.106370 0.994327 0.000000 0.000000 
	0.000000 0.000000 1.000000 0.000000 
	0.000000 0.000000 0.000000 1.000000 

matrixmulti:
	301406756316353960752447488.000000 -1170612227321439615352569856.000000 0.000000 0.000000 
	1170612522469344794705395712.000000 301406719422865813333344256.000000 0.000000 0.000000 
	0.000000 0.000000 1237940039285380274899124224.000000 0.000000 
	-1347525357425469595934785536.000000 -17917390402812278735770746880.000000 0.000000 1237940039285380274899124224.000000 

	1.000000 0.000000 0.000000 0.500000 
	0.000000 1.000000 0.000000 -0.500000 
	0.000000 0.000000 1.000000 0.000000 
	0.000000 0.000000 0.000000 1.000000 

matrixmulti:
	602813512632707921504894976.000000 -2341224454642879230705139712.000000 0.000000 0.000000 
	2341225044938689589410791424.000000 602813438845731626666688512.000000 0.000000 0.000000 
	0.000000 0.000000 2475880078570760549798248448.000000 0.000000 
	-2076080695208249054420008960.000000 -36453750825267247608991055872.000000 0.000000 2475880078570760549798248448.000000 

	0.994092 0.108539 0.000000 0.000000 
	-0.108539 0.994092 0.000000 0.000000 
	0.000000 0.000000 1.000000 0.000000 
	0.000000 0.000000 0.000000 1.000000 

matrixmulti:
	947950581618799588057022464.000000 -4734046370921307743073599488.000000 0.000000 0.000000 
	4734047551512928460484902912.000000 947950434044846998380609536.000000 0.000000 0.000000 
	0.000000 0.000000 4951760157141521099596496896.000000 0.000000 
	-8096564628602387611326087168.000000 -72466800965620134187349573632.000000 0.000000 4951760157141521099596496896.000000 

	1.000000 0.000000 0.000000 0.500000 
	0.000000 1.000000 0.000000 -0.500000 
	0.000000 0.000000 1.000000 0.000000 
	0.000000 0.000000 0.000000 1.000000 

matrixmulti:
	1895901163237599176114044928.000000 -9468092741842615486147198976.000000 0.000000 0.000000 
	9468095103025856920969805824.000000 1895900868089693996761219072.000000 0.000000 0.000000 
	0.000000 0.000000 9903520314283042199192993792.000000 0.000000 
	-13717249178634014672853925888.000000 -147409482009811028924497395712.000000 0.000000 9903520314283042199192993792.000000 

	0.993853 0.110708 0.000000 0.000000 
	-0.110708 0.993853 0.000000 0.000000 
	0.000000 0.000000 1.000000 0.000000 
	0.000000 0.000000 0.000000 1.000000 

matrixmulti:
	2731957484654091365978734592.000000 -19087876159256348998437437440.000000 0.000000 0.000000 
	19087880881622831868082651136.000000 2731956599210375827920257024.000000 0.000000 0.000000 
	0.000000 0.000000 19807040628566084398385987584.000000 0.000000 
	-43669545700557996974099398656.000000 -292394236614793741296151298048.000000 0.000000 19807040628566084398385987584.000000 

	1.000000 0.000000 0.000000 0.500000 
	0.000000 1.000000 0.000000 -0.500000 
	0.000000 0.000000 1.000000 0.000000 
	0.000000 0.000000 0.000000 1.000000 

matrixmulti:
	5463914969308182731957469184.000000 -38175752318512697996874874880.000000 0.000000 0.000000 
	38175761763245663736165302272.000000 5463913198420751655840514048.000000 0.000000 0.000000 
	0.000000 0.000000 39614081257132168796771975168.000000 0.000000 
	-77435571086832951749005803520.000000 -594691993543870524791495589888.000000 0.000000 39614081257132168796771975168.000000 

	0.993609 0.112876 0.000000 0.000000 
	-0.112876 0.993609 0.000000 0.000000 
	0.000000 0.000000 1.000000 0.000000 
	0.000000 0.000000 0.000000 1.000000 

matrixmulti:
	6583792895042770082985934848.000000 -76724269357717194308338057216.000000 0.000000 0.000000 
	76724288247183125786918912000.000000 6583788762972097572046372864.000000 0.000000 0.000000 
	0.000000 0.000000 79228162514264337593543950336.000000 0.000000 
	-221502580989534777269830025216.000000 -1176842741750786338353236148224.000000 0.000000 79228162514264337593543950336.000000 

	1.000000 0.000000 0.000000 0.500000 
	0.000000 1.000000 0.000000 -0.500000 
	0.000000 0.000000 1.000000 0.000000 
	0.000000 0.000000 0.000000 1.000000 

matrixmulti:
	13167585790085540165971869696.000000 -153448538715434388616676114432.000000 0.000000 0.000000 
	153448576494366251573837824000.000000 13167577525944195144092745728.000000 0.000000 0.000000 
	0.000000 0.000000 158456325028528675187087900672.000000 0.000000 
	-403391080721937385742888075264.000000 -2393299564758704845503244271616.000000 0.000000 158456325028528675187087900672.000000 

	0.993361 0.115042 0.000000 0.000000 
	-0.115042 0.993361 0.000000 0.000000 
	0.000000 0.000000 1.000000 0.000000 
	0.000000 0.000000 0.000000 1.000000 

matrixmulti:
	8594736513613272224209305600.000000 -307393095916763473288018001920.000000 0.000000 0.000000 
	307393171474627199202341421056.000000 8594714082372478593394540544.000000 0.000000 0.000000 
	0.000000 0.000000 316912650057057350374175801344.000000 0.000000 
	-1079433619393201318515609436160.000000 -4724302275338303138661998264320.000000 0.000000 316912650057057350374175801344.000000 

	1.000000 0.000000 0.000000 0.500000 
	0.000000 1.000000 0.000000 -0.500000 
	0.000000 0.000000 1.000000 0.000000 
	0.000000 0.000000 0.000000 1.000000 

matrixmulti:
	17189473027226544448418611200.000000 -614786191833526946576036003840.000000 0.000000 0.000000 
	614786342949254398404682842112.000000 17189428164744957186789081088.000000 0.000000 0.000000 
	0.000000 0.000000 633825300114114700748351602688.000000 0.000000 
	-2000410913757873961844130971648.000000 -9607060875705134952511084429312.000000 0.000000 633825300114114700748351602688.000000 

	0.993107 0.117209 0.000000 0.000000 
	-0.117209 0.993107 0.000000 0.000000 
	0.000000 0.000000 1.000000 0.000000 
	0.000000 0.000000 0.000000 1.000000 

matrixmulti:
	-37797833134804847464535818240.000000 -1227349622431964945585727864832.000000 0.000000 0.000000 
	1227349924663419849243021541376.000000 -37797941749233953466375733248.000000 0.000000 0.000000 
	0.000000 0.000000 1267650600228229401496703205376.000000 0.000000 
	-5113064711401061841119192547328.000000 -18913437721555719336689248763904.000000 0.000000 1267650600228229401496703205376.000000 

	1.000000 0.000000 0.000000 0.500000 
	0.000000 1.000000 0.000000 -0.500000 
	0.000000 0.000000 1.000000 0.000000 
	0.000000 0.000000 0.000000 1.000000 

matrixmulti:
	-75595666269609694929071636480.000000 -2454699244863929891171455729664.000000 0.000000 0.000000 
	2454699849326839698486043082752.000000 -75595883498467906932751466496.000000 0.000000 0.000000 
	0.000000 0.000000 2535301200456458802993406410752.000000 0.000000 
	-9592304122688008981490033491968.000000 -38460700743225553374126849130496.000000 0.000000 2535301200456458802993406410752.000000 

	0.992849 0.119375 0.000000 0.000000 
	-0.119375 0.992849 0.000000 0.000000 
	0.000000 0.000000 1.000000 0.000000 
	0.000000 0.000000 0.000000 1.000000 

matrixmulti:
	-443680838175438543376835674112.000000 -4882821162277996870908877209600.000000 0.000000 0.000000 
	4882822371203816485538051915776.000000 -443681329301552761819937898496.000000 0.000000 0.000000 
	0.000000 0.000000 5070602400912917605986812821504.000000 0.000000 
	-23707267436400244124789654945792.000000 -75501295668962915690793148612608.000000 0.000000 5070602400912917605986812821504.000000 

	1.000000 0.000000 0.000000 0.500000 
	0.000000 1.000000 0.000000 -0.500000 
	0.000000 0.000000 1.000000 0.000000 
	0.000000 0.000000 0.000000 1.000000 

matrixmulti:
	-887361676350877086753671348224.000000 -9765642324555993741817754419200.000000 0.000000 0.000000 
	9765644742407632971076103831552.000000 -887362658603105523639875796992.000000 0.000000 0.000000 
	0.000000 0.000000 10141204801825835211973625643008.000000 0.000000 
	-44879233672344029446585903480832.000000 -153537892538382290184579703635968.000000 0.000000 10141204801825835211973625643008.000000 

	0.992586 0.121541 0.000000 0.000000 
	-0.121541 0.992586 0.000000 0.000000 
	0.000000 0.000000 1.000000 0.000000 
	0.000000 0.000000 0.000000 1.000000 

matrixmulti:
	-2955072281560877840124520431616.000000 -19351035018333265888315992702976.000000 0.000000 0.000000 
	19351039854036544346832691527680.000000 -2955074397181062165725576167424.000000 0.000000 0.000000 
	0.000000 0.000000 20282409603651670423947251286016.000000 0.000000 
	-108086923996019553391658357751808.000000 -300482825912540466370115396435968.000000 0.000000 20282409603651670423947251286016.000000 

	1.000000 0.000000 0.000000 0.500000 
	0.000000 1.000000 0.000000 -0.500000 
	0.000000 0.000000 1.000000 0.000000 
	0.000000 0.000000 0.000000 1.000000 

matrixmulti:
	-5910144563121755680249040863232.000000 -38702070036666531776631985405952.000000 0.000000 0.000000 
	38702079708073088693665383055360.000000 -5910148794362124331451152334848.000000 0.000000 0.000000 
	0.000000 0.000000 40564819207303340847894502572032.000000 0.000000 
	-206032643190213271571343089860608.000000 -611106856626906767952204418514944.000000 0.000000 40564819207303340847894502572032.000000 

	0.992319 0.123706 0.000000 0.000000 
	-0.123706 0.992319 0.000000 0.000000 
	0.000000 0.000000 1.000000 0.000000 
	0.000000 0.000000 0.000000 1.000000 

matrixmulti:
	-16562573870917127204476540682240.000000 -76375745564213126182475017486336.000000 0.000000 0.000000 
	76375764907026240016541812785152.000000 -16562583542323684121509938331648.000000 0.000000 0.000000 
	0.000000 0.000000 81129638414606681695789005144064.000000 0.000000 
	-486080367332381461394229146157056.000000 -1192032270868521232784765101277184.000000 0.000000 81129638414606681695789005144064.000000 

	1.000000 0.000000 0.000000 0.500000 
	0.000000 1.000000 0.000000 -0.500000 
	0.000000 0.000000 1.000000 0.000000 
	0.000000 0.000000 0.000000 1.000000 

matrixmulti:
	-33125147741834254408953081364480.000000 -152751491128426252364950034972672.000000 0.000000 0.000000 
	152751529814052480033083625570304.000000 -33125167084647368243019876663296.000000 0.000000 0.000000 
	0.000000 0.000000 162259276829213363391578010288128.000000 0.000000 
	-931595915457459581940563789742080.000000 -2424629360944345806417424705126400.000000 0.000000 162259276829213363391578010288128.000000 

	0.992047 0.125872 0.000000 0.000000 
	-0.125872 0.992047 0.000000 0.000000 
	0.000000 0.000000 1.000000 0.000000 
	0.000000 0.000000 0.000000 1.000000 

matrixmulti:
	-85213931432032086401816736038912.000000 -300118562055980743224226329133056.000000 0.000000 0.000000 
	300118639427233198560493510328320.000000 -85213970117658314069950326636544.000000 0.000000 0.000000 
	0.000000 0.000000 324518553658426726783156020576256.000000 0.000000 
	-2160974748287404443539821576585216.000000 -4712713007100484704478269834002432.000000 0.000000 324518553658426726783156020576256.000000 

	1.000000 0.000000 0.000000 0.500000 
	0.000000 1.000000 0.000000 -0.500000 
	0.000000 0.000000 1.000000 0.000000 
	0.000000 0.000000 0.000000 1.000000 

matrixmulti:
	-170427862864064172803633472077824.000000 -600237124111961486448452658266112.000000 0.000000 0.000000 
	600237278854466397120987020656640.000000 -170427940235316628139900653273088.000000 0.000000 0.000000 
	0.000000 0.000000 649037107316853453566312041152512.000000 0.000000 
	-4159690219745595523688065142882304.000000 -9587685291030182772348117678292992.000000 0.000000 649037107316853453566312041152512.000000 

	0.991770 0.128035 0.000000 0.000000 
	-0.128035 0.991770 0.000000 0.000000 
	0.000000 0.000000 1.000000 0.000000 
	0.000000 0.000000 0.000000 1.000000 

matrixmulti:
	-416304263874323278880875915247616.000000 -1173713388909681086149342223400960.000000 0.000000 0.000000 
	1173713698394690907494410948182016.000000 -416304379931201961885276687040512.000000 0.000000 0.000000 
	0.000000 0.000000 1298074214633706907132624082305024.000000 0.000000 
	-9512701405940608361027065375358976.000000 -18563876482314919818726789055774720.000000 0.000000 1298074214633706907132624082305024.000000 

	1.000000 0.000000 0.000000 0.500000 
	0.000000 1.000000 0.000000 -0.500000 
	0.000000 0.000000 1.000000 0.000000 
	0.000000 0.000000 0.000000 1.000000 

matrixmulti:
	-832608527748646557761751830495232.000000 -2347426777819362172298684446801920.000000 0.000000 0.000000 
	2347427396789381814988821896364032.000000 -832608759862403923770553374081024.000000 0.000000 0.000000 
	0.000000 0.000000 2596148429267413814265248164610048.000000 0.000000 
	-18376365704564363268487818709565440.000000 -37776790071946693091019890152701952.000000 0.000000 2596148429267413814265248164610048.000000 

	0.991488 0.130198 0.000000 0.000000 
	-0.130198 0.991488 0.000000 0.000000 
	0.000000 0.000000 1.000000 0.000000 
	0.000000 0.000000 0.000000 1.000000 

matrixmulti:
	-1963760222796404529343520082755584.000000 -4566468341589486663012924344238080.000000 0.000000 0.000000 
	4566469579529525948393199243362304.000000 -1963760687023919261361123169927168.000000 0.000000 0.000000 
	0.000000 0.000000 5192296858534827628530496329220096.000000 0.000000 
	-41514774779369684538683293729554432.000000 -72839460980642232769097745198743552.000000 0.000000 5192296858534827628530496329220096.000000 

	1.000000 0.000000 0.000000 0.500000 
	0.000000 1.000000 0.000000 -0.500000 
	0.000000 0.000000 1.000000 0.000000 
	0.000000 0.000000 0.000000 1.000000 

matrixmulti:
	-3927520445592809058687040165511168.000000 -9132936683178973326025848688476160.000000 0.000000 0.000000 
	9132939159059051896786398486724608.000000 -3927521374047838522722246339854336.000000 0.000000 0.000000 
	0.000000 0.000000 10384593717069655257060992658440192.000000 0.000000 
	-80433401129471955263101339294498816.000000 -148275070390551879352460738562097152.000000 0.000000 10384593717069655257060992658440192.000000 

	0.991202 0.132355 0.000000 0.000000 
	-0.132355 0.991202 0.000000 0.000000 
	0.000000 0.000000 1.000000 0.000000 
	0.000000 0.000000 0.000000 1.000000 

matrixmulti:
	-9029274679139313795256483273768960.000000 -17665698990331726443315928668045312.000000 0.000000 0.000000 
	17665703942091883584837028264542208.000000 -9029277155019392366017033072017408.000000 0.000000 0.000000 
	0.000000 0.000000 20769187434139310514121985316880384.000000 0.000000 
	-179784071008393549281244370838749184.000000 -284599939151630354438758860849152000.000000 0.000000 20769187434139310514121985316880384.000000 

	1.000000 0.000000 0.000000 0.500000 
	0.000000 1.000000 0.000000 -0.500000 
	0.000000 0.000000 1.000000 0.000000 
	0.000000 0.000000 0.000000 1.000000 

matrixmulti:
	-18058549358278627590512966547537920.000000 -35331397980663452886631857336090624.000000 0.000000 0.000000 
	35331407884183767169674056529084416.000000 -18058554310038784732034066144034816.000000 0.000000 0.000000 
	0.000000 0.000000 41538374868278621028243970633760768.000000 0.000000 
	-349183548299717443305427749019058176.000000 -579584472020330364134578714356744192.000000 0.000000 41538374868278621028243970633760768.000000 

	0.990910 0.134524 0.000000 0.000000 
	-0.134524 0.990910 0.000000 0.000000 
	0.000000 0.000000 1.000000 0.000000 
	0.000000 0.000000 0.000000 1.000000 

matrixmulti:
	-40705879998899831359458707979108352.000000 -67912330878522333595450641278304256.000000 0.000000 0.000000 
	67912350685562962161535039664291840.000000 -40705889902420145642500907172102144.000000 0.000000 0.000000 
	0.000000 0.000000 83076749736557242056487941267521536.000000 0.000000 
	-773161254998588420550976761193562112.000000 -1106927082101192538025038451021185024.000000 0.000000 83076749736557242056487941267521536.000000 

	1.000000 0.000000 0.000000 0.500000 
	0.000000 1.000000 0.000000 -0.500000 
	0.000000 0.000000 1.000000 0.000000 
	0.000000 0.000000 0.000000 1.000000 

matrixmulti:
	-81411759997799662718917415958216704.000000 -135824661757044667190901282556608512.000000 0.000000 0.000000 
	135824701371125924323070079328583680.000000 -81411779804840291285001814344204288.000000 0.000000 0.000000 
	0.000000 0.000000 166153499473114484112975882535043072.000000 0.000000 
	-1504784135128898220073709551753363456.000000 -2255392539070663697078320872676130816.000000 0.000000 166153499473114484112975882535043072.000000 

	0.990614 0.136685 0.000000 0.000000 
	-0.136685 0.990614 0.000000 0.000000 
	0.000000 0.000000 1.000000 0.000000 
	0.000000 0.000000 0.000000 1.000000 

matrixmulti:
	-180624681812669893903111872151814144.000000 -259246748883700109314065211267743744.000000 0.000000 0.000000 
	259246808304821995012318406425706496.000000 -180624741233791779601365067309776896.000000 0.000000 0.000000 
	0.000000 0.000000 332306998946228968225951765070086144.000000 0.000000 
	-3303724373652206673363276463083618304.000000 -4283934883366035001013251842464808960.000000 0.000000 332306998946228968225951765070086144.000000 

	1.000000 0.000000 0.000000 0.500000 
	0.000000 1.000000 0.000000 -0.500000 
	0.000000 0.000000 1.000000 0.000000 
	0.000000 0.000000 0.000000 1.000000 

matrixmulti:
	-361249363625339787806223744303628288.000000 -518493497767400218628130422535487488.000000 0.000000 0.000000 
	518493616609643990024636812851412992.000000 -361249482467583559202730134619553792.000000 0.000000 0.000000 
	0.000000 0.000000 664613997892457936451903530140172288.000000 0.000000 
	-6441295247831298862613577043632193536.000000 -8734023266205184486139479567464660992.000000 0.000000 664613997892457936451903530140172288.000000 

	0.990314 0.138846 0.000000 0.000000 
	-0.138846 0.990314 0.000000 0.000000 
	0.000000 0.000000 1.000000 0.000000 
	0.000000 0.000000 0.000000 1.000000 

matrixmulti:
	-790990523006310924290015111145324544.000000 -981806719504003211259472509348610048.000000 0.000000 0.000000 
	981806877960328239788147696436510720.000000 -790990760690798467083027891777175552.000000 0.000000 0.000000 
	0.000000 0.000000 1329227995784915872903807060280344576.000000 0.000000 
	-14032885806273498333421496999996293120.000000 -16489099553432318132284925594468089856.000000 0.000000 1329227995784915872903807060280344576.000000 

	1.000000 0.000000 0.000000 0.500000 
	0.000000 1.000000 0.000000 -0.500000 
	0.000000 0.000000 1.000000 0.000000 
	0.000000 0.000000 0.000000 1.000000 

matrixmulti:
	-1581981046012621848580030222290649088.000000 -1963613439008006422518945018697220096.000000 0.000000 0.000000 
	1963613755920656479576295392873021440.000000 -1581981521381596934166055783554351104.000000 0.000000 0.000000 
	0.000000 0.000000 2658455991569831745807614120560689152.000000 0.000000 
	-27401157614654538730391090469852413952.000000 -33642813104757094201021754719076352000.000000 0.000000 2658455991569831745807614120560689152.000000 

	0.990009 0.141005 0.000000 0.000000 
	-0.141005 0.990009 0.000000 0.000000 
	0.000000 0.000000 1.000000 0.000000 
	0.000000 0.000000 0.000000 1.000000 

matrixmulti:
	-3425035683880197713570357592255889408.000000 -3684541191942669410211003318065430528.000000 0.000000 0.000000 
	3684541825767969524325704066417033216.000000 -3425036634618147884742408714783293440.000000 0.000000 0.000000 
	0.000000 0.000000 5316911983139663491615228241121378304.000000 0.000000 
	-59272350411255468192598309663817072640.000000 -63085798358910046136532811982485585920.000000 0.000000 5316911983139663491615228241121378304.000000 

	1.000000 0.000000 0.000000 0.500000 
	0.000000 1.000000 0.000000 -0.500000 
	0.000000 0.000000 1.000000 0.000000 
	0.000000 0.000000 0.000000 1.000000 

matrixmulti:
	-6850071367760395427140715184511778816.000000 -7369082383885338820422006636130861056.000000 0.000000 0.000000 
	7369083651535939048651408132834066432.000000 -6850073269236295769484817429566586880.000000 0.000000 0.000000 
	0.000000 0.000000 10633823966279326983230456482242756608.000000 0.000000 
	-115886244830941104639389005207073456128.000000 -128830052709389924018873238085531860992.000000 0.000000 10633823966279326983230456482242756608.000000 

	0.989699 0.143166 0.000000 0.000000 
	-0.143166 0.989699 0.000000 0.000000 
	0.000000 0.000000 1.000000 0.000000 
	0.000000 0.000000 0.000000 1.000000 

matrixmulti:
	-14684579909248430155813346131067273216.000000 -13681557710070844783026087203329540096.000000 0.000000 0.000000 
	13681558977721445011255488700032745472.000000 -14684583712200230840501550621176889344.000000 0.000000 0.000000 
	0.000000 0.000000 21267647932558653966460912964485513216.000000 0.000000 
	-249022780441835973232697267369159950336.000000 -239742016302625852835118755967458607104.000000 0.000000 21267647932558653966460912964485513216.000000 

	1.000000 0.000000 0.000000 0.500000 
	0.000000 1.000000 0.000000 -0.500000 
	0.000000 0.000000 1.000000 0.000000 
	0.000000 0.000000 0.000000 1.000000 

matrixmulti:
	-29369159818496860311626692262134546432.000000 -27363115420141689566052174406659080192.000000 0.000000 0.000000 
	27363117955442890022510977400065490944.000000 -29369167424400461681003101242353778688.000000 0.000000 0.000000 
	0.000000 0.000000 42535295865117307932921825928971026432.000000 0.000000 
	-inf -inf 0.000000 42535295865117307932921825928971026432.000000 

	0.989384 0.145325 0.000000 0.000000 
	-0.145325 0.989384 0.000000 0.000000 
	0.000000 0.000000 1.000000 0.000000 
	0.000000 0.000000 0.000000 1.000000 

matrixmulti:
	-62403072169241527258392323556947001344.000000 -50167678152224251597640508297780920320.000000 0.000000 0.000000 
	50167678152224251597640508297780920320.000000 -62403092451651130910062747504198287360.000000 0.000000 0.000000 
	0.000000 0.000000 85070591730234615865843651857942052864.000000 0.000000 
	-inf -nan -nan -nan 

	1.000000 0.000000 0.000000 0.500000 
	0.000000 1.000000 0.000000 -0.500000 
	0.000000 0.000000 1.000000 0.000000 
	0.000000 0.000000 0.000000 1.000000 

matrixmulti:
	-124806144338483054516784647113894002688.000000 -100335356304448503195281016595561840640.000000 0.000000 0.000000 
	100335356304448503195281016595561840640.000000 -124806184903302261820125495008396574720.000000 0.000000 0.000000 
	0.000000 0.000000 170141183460469231731687303715884105728.000000 0.000000 
	-nan -nan -nan -nan 

	0.989065 0.147483 0.000000 0.000000 
	-0.147483 0.989065 0.000000 0.000000 
	0.000000 0.000000 1.000000 0.000000 
	0.000000 0.000000 0.000000 1.000000 

matrixmulti:
	-263045227145416592096997439018259972096.000000 -181166741885833487077485877409464975360.000000 0.000000 0.000000 
	181166741885833487077485877409464975360.000000 -263045308275055006703679134807265116160.000000 0.000000 0.000000 
	0.000000 0.000000 inf 0.000000 
	-nan -nan -nan -nan 

	1.000000 0.000000 0.000000 0.500000 
	0.000000 1.000000 0.000000 -0.500000 
	0.000000 0.000000 1.000000 0.000000 
	0.000000 0.000000 0.000000 1.000000 

matrixmulti:
	-inf -inf 0.000000 0.000000 
	inf -inf 0.000000 0.000000 
	-nan -nan inf -nan 
	-nan -nan -nan -nan 

	0.988741 0.149640 0.000000 0.000000 
	-0.149640 0.988741 0.000000 0.000000 
	0.000000 0.000000 1.000000 0.000000 
	0.000000 0.000000 0.000000 1.000000 

matrixmulti:
	-inf -nan -nan -nan 
	-nan -inf -nan -nan 
	-nan -nan -nan -nan 
	-nan -nan -nan -nan 

	1.000000 0.000000 0.000000 0.500000 
	0.000000 1.000000 0.000000 -0.500000 
	0.000000 0.000000 1.000000 0.000000 
	0.000000 0.000000 0.000000 1.000000 

matrixmulti:
	-nan -nan -nan -nan 
	-nan -nan -nan -nan 
	-nan -nan -nan -nan 
	-nan -nan -nan -nan 

	0.988412 0.151797 0.000000 0.000000 
	-0.151797 0.988412 0.000000 0.000000 
	0.000000 0.000000 1.000000 0.000000 
	0.000000 0.000000 0.000000 1.000000 

matrixmulti:
	-nan -nan -nan -nan 
	-nan -nan -nan -nan 
	-nan -nan -nan -nan 
	-nan -nan -nan -nan 

	1.000000 0.000000 0.000000 0.500000 
	0.000000 1.000000 0.000000 -0.500000 
	0.000000 0.000000 1.000000 0.000000 
	0.000000 0.000000 0.000000 1.000000 

matrixmulti:
	-nan -nan -nan -nan 
	-nan -nan -nan -nan 
	-nan -nan -nan -nan 
	-nan -nan -nan -nan 

	0.988078 0.153953 0.000000 0.000000 
	-0.153953 0.988078 0.000000 0.000000 
	0.000000 0.000000 1.000000 0.000000 
	0.000000 0.000000 0.000000 1.000000 

matrixmulti:
	-nan -nan -nan -nan 
	-nan -nan -nan -nan 
	-nan -nan -nan -nan 
	-nan -nan -nan -nan 

	1.000000 0.000000 0.000000 0.500000 
	0.000000 1.000000 0.000000 -0.500000 
	0.000000 0.000000 1.000000 0.000000 
	0.000000 0.000000 0.000000 1.000000 

matrixmulti:
	-nan -nan -nan -nan 
	-nan -nan -nan -nan 
	-nan -nan -nan -nan 
	-nan -nan -nan -nan 

	0.987740 0.156109 0.000000 0.000000 
	-0.156109 0.987740 0.000000 0.000000 
	0.000000 0.000000 1.000000 0.000000 
	0.000000 0.000000 0.000000 1.000000 

matrixmulti:
	-nan -nan -nan -nan 
	-nan -nan -nan -nan 
	-nan -nan -nan -nan 
	-nan -nan -nan -nan 

	1.000000 0.000000 0.000000 0.500000 
	0.000000 1.000000 0.000000 -0.500000 
	0.000000 0.000000 1.000000 0.000000 
	0.000000 0.000000 0.000000 1.000000 

matrixmulti:
	-nan -nan -nan -nan 
	-nan -nan -nan -nan 
	-nan -nan -nan -nan 
	-nan -nan -nan -nan 

	0.987397 0.158263 0.000000 0.000000 
	-0.158263 0.987397 0.000000 0.000000 
	0.000000 0.000000 1.000000 0.000000 
	0.000000 0.000000 0.000000 1.000000 

matrixmulti:
	-nan -nan -nan -nan 
	-nan -nan -nan -nan 
	-nan -nan -nan -nan 
	-nan -nan -nan -nan 

	1.000000 0.000000 0.000000 0.500000 
	0.000000 1.000000 0.000000 -0.500000 
	0.000000 0.000000 1.000000 0.000000 
	0.000000 0.000000 0.000000 1.000000 

matrixmulti:
	-nan -nan -nan -nan 
	-nan -nan -nan -nan 
	-nan -nan -nan -nan 
	-nan -nan -nan -nan 

	0.987049 0.160416 0.000000 0.000000 
	-0.160416 0.987049 0.000000 0.000000 
	0.000000 0.000000 1.000000 0.000000 
	0.000000 0.000000 0.000000 1.000000 

matrixmulti:
	-nan -nan -nan -nan 
	-nan -nan -nan -nan 
	-nan -nan -nan -nan 
	-nan -nan -nan -nan 

	1.000000 0.000000 0.000000 0.500000 
	0.000000 1.000000 0.000000 -0.500000 
	0.000000 0.000000 1.000000 0.000000 
	0.000000 0.000000 0.000000 1.000000 

matrixmulti:
	-nan -nan -nan -nan 
	-nan -nan -nan -nan 
	-nan -nan -nan -nan 
	-nan -nan -nan -nan 

	0.986697 0.162569 0.000000 0.000000 
	-0.162569 0.986697 0.000000 0.000000 
	0.000000 0.000000 1.000000 0.000000 
	0.000000 0.000000 0.000000 1.000000 

matrixmulti:
	-nan -nan -nan -nan 
	-nan -nan -nan -nan 
	-nan -nan -nan -nan 
	-nan -nan -nan -nan 

	1.000000 0.000000 0.000000 0.500000 
	0.000000 1.000000 0.000000 -0.500000 
	0.000000 0.000000 1.000000 0.000000 
	0.000000 0.000000 0.000000 1.000000 

matrixmulti:
	-nan -nan -nan -nan 
	-nan -nan -nan -nan 
	-nan -nan -nan -nan 
	-nan -nan -nan -nan 

	0.986340 0.164722 0.000000 0.000000 
	-0.164722 0.986340 0.000000 0.000000 
	0.000000 0.000000 1.000000 0.000000 
	0.000000 0.000000 0.000000 1.000000 

matrixmulti:
	-nan -nan -nan -nan 
	-nan -nan -nan -nan 
	-nan -nan -nan -nan 
	-nan -nan -nan -nan 

	1.000000 0.000000 0.000000 0.500000 
	0.000000 1.000000 0.000000 -0.500000 
	0.000000 0.000000 1.000000 0.000000 
	0.000000 0.000000 0.000000 1.000000 

matrixmulti:
	-nan -nan -nan -nan 
	-nan -nan -nan -nan 
	-nan -nan -nan -nan 
	-nan -nan -nan -nan 

	0.985978 0.166873 0.000000 0.000000 
	-0.166873 0.985978 0.000000 0.000000 
	0.000000 0.000000 1.000000 0.000000 
	0.000000 0.000000 0.000000 1.000000 

matrixmulti:
	-nan -nan -nan -nan 
	-nan -nan -nan -nan 
	-nan -nan -nan -nan 
	-nan -nan -nan -nan 

	1.000000 0.000000 0.000000 0.500000 
	0.000000 1.000000 0.000000 -0.500000 
	0.000000 0.000000 1.000000 0.000000 
	0.000000 0.000000 0.000000 1.000000 

matrixmulti:
	-nan -nan -nan -nan 
	-nan -nan -nan -nan 
	-nan -nan -nan -nan 
	-nan -nan -nan -nan 

	0.985613 0.169019 0.000000 0.000000 
	-0.169019 0.985613 0.000000 0.000000 
	0.000000 0.000000 1.000000 0.000000 
	0.000000 0.000000 0.000000 1.000000 

matrixmulti:
	-nan -nan -nan -nan 
	-nan -nan -nan -nan 
	-nan -nan -nan -nan 
	-nan -nan -nan -nan 

	1.000000 0.000000 0.000000 0.500000 
	0.000000 1.000000 0.000000 -0.500000 
	0.000000 0.000000 1.000000 0.000000 
	0.000000 0.000000 0.000000 1.000000 

matrixmulti:
	-nan -nan -nan -nan 
	-nan -nan -nan -nan 
	-nan -nan -nan -nan 
	-nan -nan -nan -nan 

	0.985241 0.171174 0.000000 0.000000 
	-0.171174 0.985241 0.000000 0.000000 
	0.000000 0.000000 1.000000 0.000000 
	0.000000 0.000000 0.000000 1.000000 

matrixmulti:
	-nan -nan -nan -nan 
	-nan -nan -nan -nan 
	-nan -nan -nan -nan 
	-nan -nan -nan -nan 

	1.000000 0.000000 0.000000 0.500000 
	0.000000 1.000000 0.000000 -0.500000 
	0.000000 0.000000 1.000000 0.000000 
	0.000000 0.000000 0.000000 1.000000 

matrixmulti:
	-nan -nan -nan -nan 
	-nan -nan -nan -nan 
	-nan -nan -nan -nan 
	-nan -nan -nan -nan 

	0.984865 0.173322 0.000000 0.000000 
	-0.173322 0.984865 0.000000 0.000000 
	0.000000 0.000000 1.000000 0.000000 
	0.000000 0.000000 0.000000 1.000000 

matrixmulti:
	-nan -nan -nan -nan 
	-nan -nan -nan -nan 
	-nan -nan -nan -nan 
	-nan -nan -nan -nan 

	1.000000 0.000000 0.000000 0.500000 
	0.000000 1.000000 0.000000 -0.500000 
	0.000000 0.000000 1.000000 0.000000 
	0.000000 0.000000 0.000000 1.000000 

matrixmulti:
	-nan -nan -nan -nan 
	-nan -nan -nan -nan 
	-nan -nan -nan -nan 
	-nan -nan -nan -nan 

	0.984485 0.175467 0.000000 0.000000 
	-0.175467 0.984485 0.000000 0.000000 
	0.000000 0.000000 1.000000 0.000000 
	0.000000 0.000000 0.000000 1.000000 

matrixmulti:
	-nan -nan -nan -nan 
	-nan -nan -nan -nan 
	-nan -nan -nan -nan 
	-nan -nan -nan -nan 

	1.000000 0.000000 0.000000 0.500000 
	0.000000 1.000000 0.000000 -0.500000 
	0.000000 0.000000 1.000000 0.000000 
	0.000000 0.000000 0.000000 1.000000 

matrixmulti:
	-nan -nan -nan -nan 
	-nan -nan -nan -nan 
	-nan -nan -nan -nan 
	-nan -nan -nan -nan 

	0.984100 0.177618 0.000000 0.000000 
	-0.177618 0.984100 0.000000 0.000000 
	0.000000 0.000000 1.000000 0.000000 
	0.000000 0.000000 0.000000 1.000000 

matrixmulti:
	-nan -nan -nan -nan 
	-nan -nan -nan -nan 
	-nan -nan -nan -nan 
	-nan -nan -nan -nan 

	1.000000 0.000000 0.000000 0.500000 
	0.000000 1.000000 0.000000 -0.500000 
	0.000000 0.000000 1.000000 0.000000 
	0.000000 0.000000 0.000000 1.000000 

matrixmulti:
	-nan -nan -nan -nan 
	-nan -nan -nan -nan 
	-nan -nan -nan -nan 
	-nan -nan -nan -nan 

	0.983710 0.179763 0.000000 0.000000 
	-0.179763 0.983710 0.000000 0.000000 
	0.000000 0.000000 1.000000 0.000000 
	0.000000 0.000000 0.000000 1.000000 

matrixmulti:
	-nan -nan -nan -nan 
	-nan -nan -nan -nan 
	-nan -nan -nan -nan 
	-nan -nan -nan -nan 

	1.000000 0.000000 0.000000 0.500000 
	0.000000 1.000000 0.000000 -0.500000 
	0.000000 0.000000 1.000000 0.000000 
	0.000000 0.000000 0.000000 1.000000 

matrixmulti:
	-nan -nan -nan -nan 
	-nan -nan -nan -nan 
	-nan -nan -nan -nan 
	-nan -nan -nan -nan 

	0.983315 0.181910 0.000000 0.000000 
	-0.181910 0.983315 0.000000 0.000000 
	0.000000 0.000000 1.000000 0.000000 
	0.000000 0.000000 0.000000 1.000000 

scancode 66
mode     0
matrixmulti:
	-nan -nan -nan -nan 
	-nan -nan -nan -nan 
	-nan -nan -nan -nan 
	-nan -nan -nan -nan 

	1.000000 0.000000 0.000000 0.500000 
	0.000000 1.000000 0.000000 -0.500000 
	0.000000 0.000000 1.000000 0.000000 
	0.000000 0.000000 0.000000 1.000000 

matrixmulti:
	-nan -nan -nan -nan 
	-nan -nan -nan -nan 
	-nan -nan -nan -nan 
	-nan -nan -nan -nan 

	0.982916 0.184055 0.000000 0.000000 
	-0.184055 0.982916 0.000000 0.000000 
	0.000000 0.000000 1.000000 0.000000 
	0.000000 0.000000 0.000000 1.000000 

